100000000 145640
118000000 12799.3
136000000 5024.99
154000000 5598.34
172000000 5693.57
190000000 11192.4
208000000 16536.5
226000000 7989.07
244000000 5756.27
262000000 6986.56
280000000 6384.79
298000000 6554.79
316000000 6872.75
334000000 6806.86
352000000 7604.64
370000000 7061.4
388000000 8836.79
406000000 8164.52
424000000 8438.62
442000000 8721.9
460000000 9587.91
478000000 8633.97
496000000 9520.64
514000000 10382.5
532000000 10234.8
550000000 9950.12
568000000 10631.2
586000000 10819.2
604000000 11978.9
622000000 10722.3
640000000 10919
658000000 10981.6
676000000 12285.4
694000000 13066.9
712000000 16553.3
730000000 12749.9
748000000 12906.6
766000000 12900.6
784000000 74458
802000000 115793
820000000 207433
838000000 155503
856000000 81866
874000000 348154
892000000 323068
910000000 334372
928000000 390054
946000000 352131
964000000 397890
982000000 349385
