100000000 3103.68
118000000 663.736
136000000 1496.28
154000000 1642.73
172000000 1730.5
190000000 787.97
208000000 1314.96
226000000 1235.79
244000000 1876.92
262000000 1197.52
280000000 1365.09
298000000 1106.34
316000000 2175.35
334000000 2708.41
352000000 2740.33
370000000 1329.17
388000000 753.976
406000000 754.403
424000000 2976.37
442000000 1371.9
460000000 1729.19
478000000 1581.41
496000000 1071.18
514000000 1517.85
532000000 1155.43
550000000 1630.57
568000000 2030.02
586000000 1752.51
604000000 3283.8
622000000 2018.9
640000000 1295.54
658000000 1100.35
676000000 1595.08
694000000 1084.63
712000000 2548.72
730000000 1724.28
748000000 1222.26
766000000 1142.77
784000000 720.913
802000000 1038.53
820000000 1334.99
838000000 2148.44
856000000 1165.76
874000000 1123.51
892000000 1940.44
910000000 2042.73
928000000 2013.95
946000000 471.796
964000000 1580.25
982000000 792.486
