100000000 3157.53
118000000 2120.21
136000000 2928.78
154000000 1630.19
172000000 2207.99
190000000 1004.07
208000000 1742.77
226000000 3065.52
244000000 1064.81
262000000 1641.01
280000000 1109.85
298000000 1192.85
316000000 748.299
334000000 388.659
352000000 802.038
370000000 761.401
388000000 843.222
406000000 1009.31
424000000 1729.12
442000000 1400.55
460000000 1826.83
478000000 2923.88
496000000 2062.74
514000000 1038.98
532000000 1600.95
550000000 1977.93
568000000 1027.9
586000000 1027.71
604000000 857.715
622000000 953.942
640000000 1681.88
658000000 1801.06
676000000 1260.29
694000000 759.376
712000000 748.929
730000000 1286.54
748000000 1492.2
766000000 819.19
784000000 920.503
802000000 689.535
820000000 1251.46
838000000 334.819
856000000 1414.89
874000000 712.602
892000000 490.531
910000000 751.651
928000000 518.194
946000000 909.373
964000000 1031.61
982000000 1156.65
